COLLEGE_LAT= 11.013390512722268
COLLEGE_LON= 76.96771238868676
ALLOWED_RADIUS_METERS=100