COLLEGE_LAT = 11.0772746
COLLEGE_LON = 76.9897629
COLLEGE_LOCATION = (11.0772746, 76.9897629)
Home =(11.013390512722268,76.96771238868676)
